01001100
01011001
01101100
01110000
01110010
01111111
10000000
10001101
10001111
10010011
10100110
10110011
10111000
10111100
11001010
11010100
11010101
11011010
11100001
11100110
11101001
11111111

Code 7193:
00000000
00010110
00011001
00011101
00100101
00101010
00101110
00110011
01000011
01000111
01001100
01011010
01101001
01110000
01110100
01111111
10000000
10001011
10001111
10010110
10100101
10110011
10111000
10111100
11001100
11010001
11010101
11011010
11100010
11100110
11101001
11111111

Code 7194:
00000000
00010110
00011001
00011110
00100101
00101010
00101101
00110011
01000011
01000111
01001100
01011001
01101010
01110000
01110100
01111111
10000000
10001011
10001111
10010101
10100110
10110011
10111000
10111100
11001100
11010010
11010101
11011010
11100001
11100110
11101001
11111111

Code 7195:
00000000
00010110
00011001
00011011
00100101
00101010
00101101
00110110
01000011
01001100
01001110
01010101
01100011
01110000
01111000
01111111
10000000
10000111
10001111
10011100
10101010
10110001
10110011
10111100
11001001
11010010
11010101
11011010
11100100
11100110
11101001
11111111

Code 7196:
00000000
00010110
00011001
00011011
00100101
00101010
00101110
00110101
01000011
01001100
01001101
01010110
01100011
01110000
01111000
01111111
10000000
10000111
10001111
10011100
10101001
10110010
10110011
10111100
11001010
11010001
11010101
11011010
11100100
11100110
11101001
11111111

Code 7197:
00000000
00010110
00011001
00011101
00100101
00101010
00101011
00110110
01000011
01001100
01001110
01010011
01100101
01110000
01111000
01111111
10000000
10000111
10001111
10011010
10101100
10110001
10110011
10111100
11001001
11010100
11010101
11011010
11100010
11100110
11101001
11111111

Code 7198:
00000000
00010110
00011001
00011110
00100101
00101010
00101011
00110101
01000011
01001100
01001101
01010011
01100110
01110000
01111000
01111111
10000000
10000111
10001111
10011001
10101100
10110010
10110011
10111100
11001010
11010100
11010101
11011010
11100001
11100110
11101001
11111111

Code 7199:
00000000
00010110
00011001
00011101
00100101
00101010
00101110
00110011
01000011
01001011
01001100
01010110
01100101
01110000
01111000
01111111
10000000
10000111
10001111
10011010
10101001
10110011
10110100
10111100
11001100
11010001
11010101
11011010
11100010
11100110
11101001
11111111

Code 7200:
00000000
00010110
00011001
00011110
00100101
00101010
00101101
00110011
01000011
01001011
01001100
01010101
01100110
01110000
01111000
01111111
10000000
10000111
10001111
10011001
10101010
10110011
10110100
10111100
11001100
11010010
11010101
11011010
11100001
11100110
11101001
11111111

non-expected number of codes

Process returned 0 (0x0)   execution time : 8680.991 s
Press any key to continue.
